1 10 20
100 200 125
201 210 89
900 1000 174
1 2 2
1 3 8
1 4 8
1 3 8
1 10000 262
1 113382 354
113384 134378 349
997824 999166 396
998000 999000 396
10000 100000 351
51 52 25
31 40 107
75 150 122
999 10000 262
50000 100000 351
1 100000 351
777 1000 179
1234 4321 238
2 1 2
3 1 8
4 1 8
3 1 8
113382 1 354
134378 113384 349
999166 997824 396
999000 998000 396
100000 10000 351
52 51 25
40 31 107
150 75 122
10000 999 262
999 1000 112
1000 999 112
100000 50000 351
100000 1 351
1000 777 179
4321 1234 238
969215 971773 458
971773 969215 458
999168 999999 396
999999 999168 396
999999 999998 259
999998 999999 259
