874618 874616 158
931960 931819 233
886789 886687 264
997614 997668 321
638281 638575 248
725433 726025 305
932394 933238 370
940166 939758 308
566732 566782 315
860500 860080 357
589197 589133 297
726210 726231 274
975902 975724 334
769642 769678 225
237447 227637 443
578140 579281 359
630221 630268 279
983945 983943 153
581161 581001 266
931872 931767 246
582113 582984 328
806280 806280 70
566758 567033 359
431888 430832 325
936783 936488 339
578461 577463 346
832939 833005 189
477981 478018 214
716654 716204 305
947798 948884 383
383074 383721 330
698793 698777 274
268942 269375 345
425312 426096 356
775740 775383 300
374860 368982 392
552529 552426 315
624968 624446 385
544268 544394 302
6854 38770 324
573946 569900 377
257688 255378 345
997728 997799 228
811214 810834 344
886862 886710 401
931874 931570 277
806281 806282 70
136370 135166 313
202045 201801 311
226090 215067 386
704620 704598 199
223845 223350 293
859357 859209 295
849897 849506 251
582801 582799 191
846582 844970 401
931657 931594 171
589091 589318 297
437269 436133 387
960237 960744 264
304902 303118 340
657851 657161 323
780826 781193 331
581142 581192 204
870006 870004 145
150428 150694 295
689112 689534 336
968920 969150 352
939614 940377 383
939055 938237 308
868228 868737 357
358843 358360 348
780686 780399 300
702680 702917 380
725184 725292 274
874616 874618 158
931819 931960 233
886687 886789 264
997668 997614 321
638575 638281 248
726025 725433 305
933238 932394 370
939758 940166 308
566782 566732 315
860080 860500 357
589133 589197 297
726231 726210 274
975724 975902 334
769678 769642 225
227637 237447 443
579281 578140 359
630268 630221 279
983943 983945 153
581001 581161 266
931767 931872 246
582984 582113 328
806280 806280 70
567033 566758 359
430832 431888 325
936488 936783 339
577463 578461 346
833005 832939 189
478018 477981 214
716204 716654 305
948884 947798 383
383721 383074 330
698777 698793 274
269375 268942 345
426096 425312 356
775383 775740 300
368982 374860 392
552426 552529 315
624446 624968 385
544394 544268 302
38770 6854 324
569900 573946 377
255378 257688 345
997799 997728 228
810834 811214 344
886710 886862 401
931570 931874 277
806282 806281 70
135166 136370 313
201801 202045 311
215067 226090 386
704598 704620 199
223350 223845 293
859209 859357 295
849506 849897 251
582799 582801 191
844970 846582 401
931594 931657 171
589318 589091 297
436133 437269 387
960744 960237 264
303118 304902 340
657161 657851 323
781193 780826 331
581192 581142 204
870004 870006 145
150694 150428 295
689534 689112 336
969150 968920 352
940377 939614 383
938237 939055 308
868737 868228 357
358360 358843 348
780399 780686 300
702917 702680 380
725292 725184 274
