113384 134378 349
997824 999166 396
998000 999000 396
10000 100000 351
580 970 179
8 900 179
99 201 125
17 23 21
51 52 25
31 40 107
75 150 122
999 10000 262
50000 100000 351
1 100000 351
777 1000 179
1234 4321 238
2 1 2
3 1 8
4 1 8
3 1 8
113382 1 354
13437 11338 276
99916 99782 235
999000 998000 396
100000 10000 351
52 51 25
40 31 107
150 75 122
10000 999 262
999 1000 112
1000 999 112
100000 50000 351
100000 1 351
1000 777 179
4321 1234 238
971773 969215 458
999168 999999 396
9999 9991 180
99999 99999 227
99999 99991 227
124 78 119
1300 1302 102
912 748 179
100000 200000 383
600000 600001 90
1 200000 383
1 13 20
78 124 119
1302 1300 102
748 912 179
200000 100000 383
600001 600002 191
200000 1 383
13 1 20
487775 5 449
48704 48816 190
48704 48704 40
1001 1003 143
1004 1006 68
3 7 17
7 3 17
13 23 21
99002 99999 328
948 3498 217
934 347 179
2 395 144
57 9574 262
34 4083 238
394 9457 262
95 94585 351
348 3490 217
84 4579 238
85 598 144
1 349 144
2 4589 238
3 4579 238
4 867 171
5 67 113
3497 2 217
547 1 144
9843 9 262
71 93 116
1000 2000 182
1001 2000 182
101 200 125
300 400 144
499 300 144
10000 20000 279
105 110 114
401 402 20
948 390 179
83 49 116
9284 2384 262
328 744 171
34928 947 311
923 3498 217
2983 894 217
38 40 35
41 47 110
9483 4938 262
67 68 28
69 70 15
97 100 119
90 100 119
65 394 144
23 28 112
1 13 20
